 -1.61  -47.25   -0.19  -38.40  -59.35  -17.40    1.52  -40.10   60.41
 27.79  -66.28   81.81   40.41  -34.37  -51.26   -4.58  -61.11   -6.48
 75.68   19.01   43.28  -17.75   59.65   84.48  -71.77   24.20   69.98
 91.56  -16.32  -80.05   28.55   38.26   39.59  -56.95   -0.01   90.82
 39.55    9.96  -17.96   62.23  -45.63  -71.99  -47.26  -64.71  -95.25
-93.23   60.26  -55.73  -81.13   26.88  -80.22  -57.68  -37.10   -3.66
-89.55   88.27  -86.22  -22.75   24.27  -12.93    1.22   88.34  -98.45
-85.87   41.34   69.17  -29.80   17.81   83.02   84.77  -14.13  -86.15
-58.73   34.75  -74.26   69.39  -60.55   -8.55  -74.92  -50.10  -37.45
 59.88  -40.96   37.52  -48.73   43.60  -24.94  -42.43  -46.07   -1.64
-43.63  -96.92  -75.65   81.04   54.89   28.85   70.83  -16.49   80.57
-69.41  -10.07   -6.21  -71.65   59.00   82.70  -94.54  -15.06  -35.16
