 16.34   27.21   -1.04  -49.16    4.77    0.76   54.11  -86.44  -68.00  -31.60   12.75  -49.18
-50.68    2.04  -13.75   89.89  -44.61  -81.40   44.30  -83.09   -2.55   91.23   93.94  -62.25
 47.60   94.03  -27.41   24.23   74.43   75.83  -38.17   23.37  -93.77  -64.19   92.41   74.47
 18.18   -4.02   92.17   85.05   62.59   63.95  -61.71  -96.12  -99.42  -57.02  -89.87  -38.54
 89.35   36.41   97.34  -78.67    8.02   62.05  -87.61   90.53   84.09  -21.79  -57.50    7.98
 37.72  -43.71  -37.78  -17.30   73.12   98.91  -41.86   21.00  -67.04  -37.74   15.72   88.33
-92.80   49.57   82.67  -23.29  -27.66  -73.37  -65.24   11.53   52.24  -48.65  -75.70  -26.37
-29.07   59.31   89.61  -34.80   57.57  -20.76   12.94  -69.43  -25.15  -56.63  -91.67   93.35
-73.91   53.36  -64.43   27.95   63.05  -17.78   73.30  -87.94  -66.90   46.41  -16.63   54.69
 28.94  -68.69  -39.69  -35.12   49.10    5.52   90.46  -75.82   -4.63  -46.14   60.76   32.79
 